.Random.seed <-
c(10403L, 10L, 1536986890L, -1252851083L, 1238401487L, 110496470L, 
128724608L, 1497010371L, 851103329L, 1796310736L, 1961836590L, 
-503814695L, 130857451L, 890563674L, 1070233116L, 1030240031L, 
1847610229L, -1092529652L, 325329890L, -1794936643L, -1030381769L, 
-764885026L, -825830120L, 111933563L, 516455961L, -993624L, -1958923178L, 
-836595503L, 1101196419L, -755560686L, -1190028636L, -1579751833L, 
-1264027715L, -2145048268L, 967969434L, -1904981787L, -594888065L, 
63022086L, 1838790544L, 1319139891L, -1051348527L, 907719552L, 
-1992266146L, -42379863L, -672713637L, 799378538L, 1777227020L, 
1842558799L, 1513923589L, 64314044L, 223800210L, 1498212493L, 
-682201401L, 1295837102L, -267619832L, -1317374453L, -90587415L, 
-1258169928L, 627086950L, -256871679L, 1665971603L, -242921918L, 
-1780403724L, -1299821577L, 966717421L, 752687236L, -733249878L, 
-1910017003L, -1613175633L, -1910347082L, -1477728032L, -28404701L, 
1016073025L, -1211525584L, -1216043954L, -532190023L, -313988917L, 
-90901126L, -1986033540L, 577166527L, -1947854443L, 911274412L, 
-2012855422L, 1318168925L, -1836013481L, -1714036930L, -1903278216L, 
-227234725L, -1023681607L, 695134728L, 1679061174L, -1886541839L, 
-1637502429L, 1552153202L, 1476870340L, -1653422457L, 114294365L, 
981327956L, 1515635322L, 530504133L, -196990177L, 1972438694L, 
478025776L, 1725352659L, 1625448689L, 393595936L, 87595710L, 
1980640969L, 894053499L, -1812086198L, 316192428L, -667078225L, 
-1966761627L, 1635157788L, 560040818L, -1622775827L, -1187461081L, 
-1371713458L, 646649000L, 252336811L, 418099145L, 1930445784L, 
-23518586L, 84800353L, -806258957L, -1756862110L, 2112231380L, 
763126487L, 964995277L, -606789532L, -591557046L, 1871469493L, 
1409443599L, 1656402966L, -382263616L, 318769283L, -1206770527L, 
-630240624L, -1046447762L, -1982015719L, 709774251L, 582424986L, 
444415324L, 197678175L, 1691061301L, 804919244L, 1224590114L, 
-730874499L, 113135223L, -916162658L, 1253987928L, -1670430789L, 
341102937L, 1812646632L, -1067216106L, -1186622319L, 1896728899L, 
1712112722L, 1565480676L, 722669863L, 884916605L, -519075724L, 
1547790938L, -1020713307L, -347278145L, -160774330L, -1821088304L, 
1362573299L, -1783951599L, 1761693504L, 1242576670L, 330967017L, 
1520061723L, 1209116458L, -952944564L, -1408462833L, -1159734459L, 
-648360708L, -1030472878L, -1516446515L, 849976455L, 616572782L, 
-1037412024L, 1208917323L, 1526218921L, -1077386760L, -686337754L, 
683643457L, -1988863021L, -2044712574L, 1424940468L, -373692105L, 
-1835795411L, 516286788L, 298606186L, -1460021035L, 991180399L, 
87630710L, 1179964576L, 2130169187L, 1525931521L, 1371315568L, 
-1753383666L, 107102073L, -493863157L, 273367098L, -243347652L, 
-1315525505L, -820166699L, -1680772628L, -321273022L, -1279177571L, 
799454487L, 236719230L, -666524616L, -684326117L, 2103076985L, 
-1331072824L, 1758353654L, -1618319055L, -1886953117L, 1158247218L, 
223214724L, 1564494023L, -1717144675L, 1184855828L, -1273483846L, 
-1173681147L, -16014881L, 1423823548L, 176945684L, 954920130L, 
-1883158944L, 2126239100L, -338774832L, 1394918434L, -1907382104L, 
1660702092L, 174453180L, 2127222834L, -219086016L, 242372276L, 
-2140315320L, 343884474L, 1015070480L, 964862188L, 507996244L, 
-155818222L, 1206706592L, -937785396L, -556507296L, 1319107778L, 
1818988072L, -1465886292L, 646636348L, 1803203442L, 1743433520L, 
-1767284700L, 1854361144L, -255864102L, 1183922064L, 1423799548L, 
1566940564L, -1700498622L, -2044384768L, 1252091964L, -1137044912L, 
-1291841374L, -433446072L, -1830155764L, 380476124L, -1151381422L, 
-1503089536L, 1867704148L, -665137176L, 1720779514L, -715831472L, 
1126638636L, -1473619596L, -1608905070L, -581557664L, -925413236L, 
1657639264L, -789030686L, 588754088L, 1411376844L, 1708595708L, 
1586191282L, 652190704L, -775827004L, 1919618392L, 411328890L, 
-540184144L, -961967684L, 1246641748L, -468264510L, 228090656L, 
-1975831620L, 1141518416L, 1228266466L, 1556250472L, -431573172L, 
523079420L, -1597991182L, 561167616L, -1120105356L, -894906872L, 
-1622030918L, -1497303600L, -316786708L, -1317680236L, -1762309934L, 
308143200L, -1391948468L, 1041535776L, -2125383038L, -823721496L, 
1583594476L, 1679719996L, -843176334L, -467293328L, 1684528420L, 
456702520L, 2146496922L, -127472176L, 915473852L, -1905234284L, 
-1570315646L, -808002112L, 1723152188L, -1426443632L, 783873826L, 
-26659320L, 1446937356L, -874249316L, 474520594L, 544271232L, 
1007655700L, 476869928L, -871616454L, -1374993456L, 107477612L, 
1129040948L, -616255342L, 532101472L, 1228954956L, -1267968544L, 
1763040162L, -1022403672L, -1163174772L, -1227213892L, -1838275470L, 
1812350960L, 453125188L, -627095464L, 441811002L, 1951713392L, 
-1561035204L, -463116524L, 1262226114L, -437497120L, -618429316L, 
-887108400L, -1121070174L, 1772162600L, -1853751028L, 885852092L, 
956084530L, -1323640640L, 79172148L, -998778168L, 1508147898L, 
-2046276464L, 714737388L, 1519769172L, 404907666L, 174696224L, 
908785612L, 900360416L, 628903618L, -1203776472L, -1439163476L, 
968542908L, 1620238834L, -1523456464L, 1431893924L, -45629000L, 
715266906L, 374510736L, 2094275452L, 1169235732L, -865346238L, 
1847136000L, -1091781700L, -1390534832L, -594878174L, -2021742008L, 
1171462156L, -42988452L, 1052709330L, -1519151616L, -1528155820L, 
912171240L, -219426566L, 1113024208L, -1174648532L, 778467572L, 
2038001042L, -26441376L, -1662744564L, -326882592L, 940384866L, 
831503016L, -1987462580L, -216545412L, -451719886L, 2126456432L, 
1317550916L, 899696600L, -1711415430L, -1516638672L, 1394218940L, 
1088394836L, 956221506L, -864862048L, 991375036L, -1698575920L, 
1950327650L, -1858780440L, -1175895860L, -823082500L, -1636439566L, 
-810337664L, -503286284L, 773957256L, -1858494662L, 581550928L, 
-1058163604L, 771176852L, 746611794L, -655382048L, -115311412L, 
1304013984L, 845862274L, 134815976L, 6749932L, 51678524L, -16483214L, 
-1031217040L, 57931812L, -691196872L, -1397262566L, -1074414384L, 
-1642047684L, 1157322644L, -1365357694L, -1853552870L, 1837766616L, 
-494365631L, -1093999885L, -1510857452L, -1265692510L, -881848905L, 
-1932541567L, -1801406586L, 860337604L, -1516206859L, -373437089L, 
-965910600L, -996494698L, -379380573L, 522810981L, -684960894L, 
453169392L, 342358169L, 1682591883L, 1706310012L, -118429782L, 
-167544865L, 1242871145L, 881666430L, 746723692L, -1975221827L, 
1841025671L, 1811621488L, 1601129742L, 1805464123L, 883087645L, 
-2003440694L, 2077959400L, 739055569L, -158447165L, -2101669180L, 
-699567758L, 516799559L, -2035601391L, 592689558L, 8535284L, 
932705925L, -409976881L, -259150136L, -1283176602L, -920044141L, 
-2026856715L, -613531950L, -378525408L, 1684441353L, -1451942341L, 
394072972L, 1752347162L, 2057728655L, 2146491865L, -1700871570L, 
1340396028L, -1289960595L, 1185164567L, 1356024032L, 964423358L, 
-1703674741L, -769885427L, 1729039162L, 1680368504L, 180465953L, 
2045762003L, 6392052L, 720062850L, -1481810921L, 1420929761L, 
1131213862L, 2101301540L, 664474069L, 453070207L, 112800792L, 
-675521738L, 1813306819L, -1666714619L, 897568674L, -203043952L, 
313118521L, 1747958763L, 268152028L, 1580692746L, 767622143L, 
-1499414967L, -1564759074L, 624169868L, 277697373L, -1761701017L, 
-1374455664L, 1743234734L, -917781669L, -367013059L, -575678038L, 
-342575544L, 726566513L, -1494583325L, -68779292L, -875439598L, 
-993423897L, -1886545487L, -1880084490L, -1043074540L, -220693211L, 
863637039L, -1776944152L, 917081286L, 1563212147L, -491650603L, 
-2049550926L, 681159552L, 1815687017L, 165094363L, -1220342996L, 
-1315744454L, -1325028369L, -534544775L, 1840580878L, -511518500L, 
720293709L, 1320828599L, -1638519744L, -1092492002L, -690061333L, 
1080836973L, 8917466L, -817673320L, -1202425343L, -2077596749L, 
262308564L, -954375198L, 337163895L, 872329153L, 1396493638L, 
1187503236L, -1694539211L, -250369505L, -1460277896L, -1184273322L, 
-141528861L, -2040473947L, -1906336958L, 1285058864L, -2131113639L, 
